Aleatorio 1K
#
1000
999288737 939146773 234739359 805101153 1004926806 645390150 995325531 1006491046 771402127 488103460 937416809 939491229 1073462954 384561021 534772457 469636963 955850268 699396979 367884263 469233045
531529410 1017888720 803109757 795340593 803970342 1070595309 1047510549 939335521 884976828 693615693 914357726 700936753 1030749480 721377462 1002413945 666891852 1063024423 897400152 531484051 536838065
935688160 1052359752 1003745064 1072649909 904915591 603443082 431685298 937653856 1069528928 436153577 1070988129 1040117524 163304786 939514669 188738294 499121567 719187836 805035724 786386321 951787144
997096580 501034622 844001230 1056833297 802160116 1006631943 1068411696 882835422 268242824 1070471015 939195881 916397397 250801902 678479369 233111458 872260247 1033821860 794819421 1043791859 894369185
1037037160 759126845 985608388 520011290 746520102 698293451 1004985992 928893300 1058995777 899611637 973075982 942652938 920643490 938397478 971456469 787476349 496336496 1047360982 1071283157 1067970945
247463794 527751178 366476908 894696817 1056791291 1073663633 457078772 796784573 721103874 524281644 796913578 782193684 736786276 908852560 631961563 1065215797 1006616350 1029620552 1063206590 1065057336
935294497 1069012676 1061089124 1037420459 610782564 903476029 1035992450 1056942889 1048173884 804584992 903294795 1064238180 483252886 243236851 1067445351 200859406 1006501620 961522845 935197779 1001255358
997949216 797832902 870308941 1067450249 1072394857 535515808 1073735935 966724125 517467825 1072031978 1073692220 1039135136 1031502795 796261257 334806662 935305174 970944067 771095113 192262283 515091481
513798011 134083240 1022689213 904641040 385015510 333444999 519716595 1055609410 938344293 1065082588 880008979 804781458 1023327566 1071642598 1000078765 192937678 469193400 803143587 997850684 341306596
796372654 266532900 533981076 391106143 1059844658 939523813 1073143790 1037889179 1038548562 937646871 842006144 914349863 1034942300 409860014 939474559 737539755 1001904894 846066895 535821623 1006591884
536598122 1069344431 1073723112 997899670 972455372 1069382457 206952594 1066719621 1073741611 668624776 603684293 1069475544 201169155 803962710 536116949 253482916 1073666899 779874201 1021310877 1073381237
769577948 1073708470 682483471 939490909 929856622 448778213 1073053209 261094135 989510756 989708119 511639344 534771321 1050664782 1055730879 1034813249 787409493 989493987 230440844 1072688454 528218669
956039119 509474791 1065350351 964427524 1030487853 738197100 1073544022 1073609953 786782456 503306128 1065220054 973065047 167346160 257412780 725053133 905819882 884325099 796912260 805303728 402086125
1001390052 1004256059 802616383 796540383 804778429 960429938 1003466580 1071503949 738185133 452982394 704118738 953666838 1006599733 1072641655 1033887522 1073666755 1062702269 1068236353 1070464539 961303093
226472335 1056923500 930993776 560953895 921550514 472996503 1006582789 1006631745 736689479 792689184 1005715228 486140784 771734242 1067676374 980549585 256900822 995029682 436135491 993951739 536084288
649845515 416266033 534490501 263454027 98548266 787404599 1012911183 862977823 1072659545 534768687 1073608449 1042489227 1003192135 536346327 799996985 717094895 1069264367 1066555989 1055325074 527433282
939228939 1052179202 804765216 1066587789 1061222936 804748964 1060584386 804191949 888643581 956266572 234749372 763199355 249558876 992982816 1000202096 703252139 838792923 1069506518 780009423 1073479541
1004527392 1019165441 1040053832 503307755 1059491699 1056370300 717225587 938471130 921690055 803206845 636419933 64942515 467729174 458194741 1035468781 501176013 938933956 1073724911 1071561116 787985746
510590482 962592318 1034227654 1062730324 936877844 123730629 1022556794 519698602 124724226 987758197 1071111818 1058993916 531602704 508810842 719707845 803700668 794820476 1038876508 670471444 425688784
927553218 402336921 938475022 468684492 934734115 517996543 939481732 721155835 935837158 1002356289 427677955 184286595 1073283065 1073072065 518781584 503264565 444245032 255581838 535822098 821277767
100002972 1048416227 991421250 532545204 802615349 1073741780 188709620 931313079 1002438200 666825722 1071617034 1020943899 927524605 331840105 434977796 511667782 1072519414 1006565312 972943624 1067253089
699333482 536570485 483327629 920681803 914358181 452964238 723779188 511670242 265741394 1070587778 1069346555 1073729782 1038087153 108227626 865728299 801068599 1073168064 791239412 1055063257 534543891
872284037 1073443374 626260810 524284779 360660571 129884147 1069739189 536737095 1022349216 33553313 1056159484 536853345 805304965 782035723 602603156 1073135581 905345728 787002899 704493083 1073741735
1073282668 1005584332 1052664453 728215496 661936773 998234865 805293378 1072608575 465018535 387899174 794460008 39792469 401570575 532666419 1004435174 1073741217 1065074549 804772980 515899010 919829024
836698022 762978953 997585763 1039127727 1014914066 1063239493 502267610 753776547 1073470978 1006628628 1072428977 1031630395 1065245732 776855329 478113516 319997869 804365906 1072988026 796098559 1056077759
934756351 529427341 632666015 975691971 1001374471 536850058 788495501 1064803806 165247861 951582551 930144832 900860659 781401404 491780679 1039595159 926162253 527035659 1073594224 532665355 1055647307
737147914 1071513034 938032540 926904649 531573416 1039925107 935329190 792584059 905833684 687862813 199229385 254735873 765328965 463470462 924841380 128955234 796655263 1052736071 349994709 867657037
805239345 1056940645 1071640358 1039918265 330563491 669777765 1063181890 1034419776 318758616 1064304344 251395975 719093292 1033793383 1056898658 893351939 1042284473 1072787055 989838860 1073704447 1068363152
937383837 901381390 251379293 1038589542 385542924 888864178 783118201 436206778 1069282385 804945692 1006238412 953282186 666336499 937798866 1034937692 1048364180 1006498648 721112792 486502128 803208939
1068497533 555564688 1069542524 1039072470 536215143 800058658 1069545671 632027248 1003222595 888929453 1043824548 434550425 670957284 804780722 1035988656 261046225 1032477755 951836452 733839276 870315908
536834029 1073708871 1073609299 810020464 987475193 260210230 1072922207 459923355 600833600 922533657 1035989995 700306975 298933580 786343645 1052768574 938471179 528447752 1054717921 965196810 250980338
499817326 936967586 939515127 985562898 970947978 836720169 922479381 1073068443 1069481867 1069415769 510647514 977068022 771489464 1073200958 1073729064 771384262 752594265 1059247972 266138277 969866633
1067807905 984573349 1056964602 536778264 515628985 668197967 962428887 1019718262 535682588 1052769617 223136997 1039875547 1037958784 334134928 484433846 1020264278 938061771 1065352718 1073723964 1027206986
534773145 937145993 787737567 452329471 367524532 1070573120 805289576 1014888408 1072823131 1072485903 514751105 1037492072 759994976 993979921 1056553886 1073740947 1001357046 1073739943 1062074908 1070943441
658367990 1039662185 333233965 799841608 1003993258 1072099225 159383228 1071519096 861321337 1018426809 1031040742 780130638 1073723753 534506161 663718555 462130773 999371413 789314800 467650304 803141707
738189199 1073469655 988741350 803708776 936640473 1056433014 197492590 1056680091 503299769 534444636 398110416 1022223334 854589295 805302055 1056897295 264175131 905821527 1000341226 1069316929 1039333277
939523955 431468506 527945688 934215608 734917571 258260966 1014232773 524804088 1071479458 997146277 1073739410 922472528 519567282 240614950 779216780 917214734 1069547223 768335841 729538143 1070592832
733441454 523234485 922547954 769743528 1006612428 1022361414 654310925 1073741383 262930128 495845043 928824881 1073590108 258448042 1006600119 652703446 1002830123 1038073374 956034296 402614925 938438822
1073741038 532674744 1071120259 787898555 401928046 721411248 485228079 529471656 798881609 1039515619 905953111 536313508 530513647 1064254599 494664508 939155415 987725081 1058660134 1039924111 1048045296
687340367 620744861 1039072684 1072881240 1054866340 792590612 1073348427 988774002 1071480660 851312567 651029030 991903419 819723806 798999516 787972034 1004134059 804743788 1040109712 333361293 796784397
838631204 526319405 1071439834 1069498026 804682904 249545663 930840048 803338238 1069448796 1073741243 930430630 946928944 1058989998 174585642 733675177 771653229 232513112 972502589 1005385530 518770529
872394568 865489041 803107739 670932806 1065090665 1071533591 532619112 419409441 1073458952 532658002 970190722 989822846 911736154 1066663437 1063365282 1073151078 535813774 751697699 735958918 994049058
447479660 1073608446 1062075776 933199851 1072643178 1055816761 1073733373 1071611335 888995699 927983851 976142146 1063708161 1061679689 1051642874 1072955278 1065156543 654177877 935985103 1002438109 1064042078
1073659128 503314484 856686160 1051457101 480231375 1022063577 670279307 400553698 1056829183 872266404 530430713 201321864 332054306 103218980 757071633 905938759 872259099 1023408128 804640631 1073601070
967757702 710530136 1073412066 226456806 803859991 1005033327 934962670 802946654 385806926 1072670224 255000326 1073655657 955969235 1069544332 719828919 737932690 737607618 637001551 1065311013 788130438
998244287 527432268 649845996 500004542 894369325 1039916186 1072916006 1069545044 996537197 803206468 1061936539 767032417 703528641 938966786 334483429 931084066 998235006 1069538643 1039990296 1048014757
800058592 938540921 535748163 1073716735 895743406 1025490644 385325594 920583847 872396518 1073477313 993916722 786421360 534605649 795866908 922222549 1069540272 1068366593 971929531 1071635191 933754100
525724926 725588975 771192573 972406260 347328064 964525231 1065090201 853425699 585094883 451936085 668956673 934944621 773744174 85915718 905702626 498791884 797700866 805306106 838860370 863886819
783639972 905819652 452918705 536532521 796474215 1012334412 362282627 752186986 1055912929 655977943 888647146 576714405 935329119 527662828 863988365 732012099 937389921 888901232 402386031 996651943
733462039 1067312959 803159981 469204811 165649498 1071601234 744292038 1045950257 745994902 532250582 911109356 939324246 535607905 268410208 468037727 922734247 985333754 938475280 1059028881 921564982
